20
00 19 30 69 27 37 92 37 95 32 58 37 42 67 90 04 91 81 50 90
51 00 54 71 19 06 32 22 24 96 34 15 01 06 51 40 41 16 99 37
58 55 00 58 97 13 78 30 61 45 87 99 83 66 63 17 28 98 36 86
63 14 16 00 62 35 14 43 47 59 17 10 39 27 61 76 17 27 70 16
51 54 70 50 00 18 79 27 68 51 11 83 24 65 62 80 02 58 27 68
01 14 64 03 80 00 49 21 72 49 78 14 19 85 17 11 44 60 84 87
48 30 86 80 31 62 00 26 90 91 97 74 80 49 49 50 07 55 68 94
79 19 50 04 25 73 61 00 05 40 93 37 99 42 60 82 34 49 78 05
89 34 09 02 05 37 60 37 00 65 85 56 17 54 36 51 09 72 12 38
56 59 69 13 30 90 10 95 16 00 53 29 71 58 12 68 44 09 97 81
24 62 74 02 34 03 69 90 87 39 00 25 91 50 96 41 05 56 28 24
22 39 76 64 83 41 62 84 87 45 66 00 26 87 07 32 23 54 03 64
04 89 36 47 03 21 23 78 94 52 33 94 00 84 20 29 55 48 52 04
65 49 08 03 04 15 50 40 39 85 78 38 39 00 72 90 27 06 16 77
56 38 78 71 39 74 50 07 18 25 58 93 02 71 00 74 19 37 29 35
56 63 29 50 12 77 13 83 81 23 32 37 57 17 57 00 91 56 62 78
47 32 36 71 33 72 97 85 59 15 73 65 89 79 45 62 00 50 69 34
19 41 44 79 28 67 75 23 42 13 07 05 03 04 37 86 39 00 74 88
70 61 11 12 92 31 72 86 82 61 07 99 61 99 92 33 89 67 00 74
87 74 18 68 73 49 56 96 73 57 01 56 49 25 64 20 14 04 35 00
