30
00 84 20 42 58 04 47 23 58 85 59 16 52 50 07 47 18 99 56 66 50 62 87 06 24 67 36 75 54 34
09 00 58 83 60 04 76 58 14 96 08 84 88 90 42 75 38 99 50 25 66 12 88 07 75 96 23 46 63 65
91 14 00 41 05 40 90 45 14 35 82 26 29 53 12 90 24 03 30 45 93 54 20 27 36 59 63 01 11 72
46 28 48 00 89 89 22 85 64 09 94 50 69 19 91 40 46 32 04 39 64 85 51 87 24 97 74 17 42 02
59 45 67 74 00 32 12 67 63 49 53 90 82 50 19 84 52 05 84 61 60 97 22 67 11 98 25 47 09 29
96 27 64 14 08 00 16 35 70 82 01 46 18 14 65 96 67 88 78 30 05 84 78 78 09 96 73 05 58 47
79 08 84 93 57 94 00 89 76 64 96 38 84 65 83 76 89 37 21 69 49 31 61 48 16 47 48 27 60 51
16 24 83 39 52 32 18 00 78 85 33 55 92 46 21 78 10 23 15 69 33 69 60 18 25 72 33 02 67 72
72 43 72 49 07 98 72 33 00 67 49 48 91 41 62 94 41 60 89 27 91 13 22 73 65 07 36 60 22 73
85 55 30 60 95 41 20 45 50 00 40 35 59 16 24 55 37 53 61 77 96 88 30 61 06 32 87 16 68 69
77 74 01 08 81 17 67 37 37 49 00 97 72 14 74 26 65 07 01 75 54 92 76 82 51 14 99 75 12 45
64 55 05 14 14 07 41 18 49 55 03 00 05 85 58 43 72 16 71 04 11 19 82 33 80 90 71 48 29 19
30 13 42 47 43 36 80 74 13 80 60 12 00 37 05 02 56 71 96 20 58 71 24 99 23 14 94 96 50 63
13 61 63 92 86 70 31 01 86 41 98 14 21 00 57 98 83 55 13 53 93 30 98 65 93 94 74 46 30 60
83 18 81 04 78 57 57 53 16 92 26 79 16 99 00 80 83 65 76 84 83 83 57 06 66 35 96 22 48 39
35 79 70 25 56 14 76 10 35 82 06 19 93 70 41 00 68 71 08 51 55 79 59 02 13 71 78 60 37 79
12 93 17 31 43 57 45 78 13 71 06 85 98 82 81 13 00 93 57 06 93 62 49 37 30 34 16 68 81 13
91 72 77 53 30 82 14 31 22 55 88 01 52 19 37 83 18 00 12 55 48 77 89 05 24 62 71 42 40 85
16 04 12 67 50 47 90 03 70 14 23 26 50 50 57 32 36 01 00 43 65 07 38 26 51 31 68 58 10 26
34 44 67 79 01 88 13 26 50 41 87 94 60 88 09 37 42 69 02 00 72 35 66 20 43 92 05 15 75 98
02 17 36 75 44 13 47 66 97 83 17 21 75 81 75 16 30 15 16 49 00 62 22 32 79 60 38 48 04 84
01 09 56 44 71 69 33 82 31 23 59 82 21 28 92 82 67 09 45 42 03 00 07 69 05 41 44 61 90 53
39 96 74 07 47 70 85 80 38 10 57 39 56 26 19 60 94 06 23 42 84 22 00 15 81 51 07 93 42 84
67 13 98 76 36 20 39 51 61 04 63 31 13 28 53 41 64 67 82 25 08 83 75 00 93 23 35 41 77 36
06 21 21 35 50 32 28 58 12 12 93 15 39 03 62 73 27 74 19 09 32 04 18 17 00 48 70 64 07 06
10 09 80 60 51 33 31 48 70 42 73 89 82 58 11 27 48 55 27 17 28 52 06 58 64 00 12 21 49 11
97 40 09 84 89 26 87 58 72 10 10 22 34 26 92 10 70 73 59 98 74 76 76 53 86 43 00 23 19 10
43 13 21 37 54 26 98 19 41 52 93 11 46 03 59 59 15 33 40 95 62 29 77 19 98 49 39 00 96 87
88 90 53 31 28 91 96 84 63 56 59 50 74 64 98 75 07 34 62 88 17 84 71 23 98 30 09 14 00 69
38 08 41 57 51 36 42 88 02 74 44 55 16 61 61 96 32 68 84 74 37 91 86 10 97 23 82 94 13 00
